0.8659858 0.0000000 0.8660254
0.8557099 0.0000000 0.8660254
0.8454201 0.0000000 0.8660254
0.8351157 0.0000000 0.8660254
0.8247963 0.0000000 0.8660254
0.8144611 0.0000000 0.8660254
0.8041097 0.0000000 0.8660254
0.7937413 0.0000000 0.8660254
0.7833555 0.0000000 0.8660254
0.7729513 0.0000000 0.8660254
0.7625281 0.0000000 0.8660254
0.7520850 0.0000000 0.8660254
0.7416214 0.0000000 0.8660254
0.7311361 0.0000000 0.8660254
0.7206284 0.0000000 0.8660254
0.7100972 0.0000000 0.8660254
0.6995414 0.0000000 0.8660254
0.6889599 0.0000000 0.8660254
0.6783517 0.0000000 0.8660254
0.6677151 0.0000000 0.8660254
0.6570491 0.0000000 0.8660254
0.6463522 0.0000000 0.8660254
0.6356226 0.0000000 0.8660254
0.6248588 0.0000000 0.8660254
0.6140591 0.0000000 0.8660254
0.6032213 0.0000000 0.8660254
0.5923435 0.0000000 0.8660254
0.5814234 0.0000000 0.8660254
0.5704585 0.0000000 0.8660254
0.5594463 0.0000000 0.8660254
0.5483839 0.0000000 0.8660254
0.5372682 0.0000000 0.8660254
0.5260958 0.0000000 0.8660254
0.5148630 0.0000000 0.8660254
0.5035658 0.0000000 0.8660254
0.4921998 0.0000000 0.8660254
0.4807600 0.0000000 0.8660254
0.4692411 0.0000000 0.8660254
0.4576370 0.0000000 0.8660254
0.4459412 0.0000000 0.8660254
0.4341463 0.0000000 0.8660254
0.4222439 0.0000000 0.8660254
0.4102246 0.0000000 0.8660254
0.3980780 0.0000000 0.8660254
0.3857918 0.0000000 0.8660254
0.3733526 0.0000000 0.8660254
0.3607441 0.0000000 0.8660254
0.3479483 0.0000000 0.8660254
0.3349436 0.0000000 0.8660254
0.3217046 0.0000000 0.8660254
0.3082011 0.0000000 0.8660254
0.2943968 0.0000000 0.8660254
0.2802473 0.0000000 0.8660254
0.2656972 0.0000000 0.8660254
0.2506771 0.0000000 0.8660254
0.2350966 0.0000000 0.8660254
0.2188363 0.0000000 0.8660254
0.2017317 0.0000000 0.8660254
0.1835471 0.0000000 0.8660254
0.1639232 0.0000000 0.8660254
0.1422660 0.0000000 0.8660254
0.1174557 0.0000000 0.8660254
0.0868307 0.0000000 0.8660254
0.0383504 0.0000000 0.8660254
0.0000000 0.0672076 0.8660254
0.0000000 0.1033466 0.8660254
0.0000000 0.1305053 0.8660254
0.0000000 0.1535259 0.8660254
0.0000000 0.1740582 0.8660254
0.0000000 0.1928983 0.8660254
0.0000000 0.2105012 0.8660254
0.0000000 0.2271546 0.8660254
0.0000000 0.2430537 0.8660254
0.0000000 0.2583380 0.8660254
0.0000000 0.2731105 0.8660254
0.0000000 0.2874503 0.8660254
0.0000000 0.3014191 0.8660254
0.0000000 0.3150662 0.8660254
0.0000000 0.3284317 0.8660254
0.0000000 0.3415489 0.8660254
0.0000000 0.3544451 0.8660254
0.0000000 0.3671436 0.8660254
0.0000000 0.3796644 0.8660254
0.0000000 0.3920243 0.8660254
0.0000000 0.4042383 0.8660254
0.0000000 0.4163191 0.8660254
0.0000000 0.4282780 0.8660254
0.0000000 0.4401250 0.8660254
0.0000000 0.4518688 0.8660254
0.0000000 0.4635173 0.8660254
0.0000000 0.4750775 0.8660254
0.0000000 0.4865557 0.8660254
0.0000000 0.4979575 0.8660254
0.0000000 0.5092881 0.8660254
0.0000000 0.5205522 0.8660254
0.0000000 0.5317540 0.8660254
0.0000000 0.5428973 0.8660254
0.0000000 0.5539857 0.8660254
0.0000000 0.5650223 0.8660254
0.0000000 0.5760101 0.8660254
0.0000000 0.5869520 0.8660254
0.0000000 0.5978505 0.8660254
0.0000000 0.6087078 0.8660254
0.0000000 0.6195261 0.8660254
0.0000000 0.6303075 0.8660254
0.0000000 0.6410537 0.8660254
0.0000000 0.6517665 0.8660254
0.0000000 0.6624477 0.8660254
0.0000000 0.6730986 0.8660254
0.0000000 0.6837207 0.8660254
0.0000000 0.6943153 0.8660254
0.0000000 0.7048836 0.8660254
0.0000000 0.7154267 0.8660254
0.0000000 0.7259460 0.8660254
0.0000000 0.7364422 0.8660254
0.0000000 0.7469164 0.8660254
0.0000000 0.7573696 0.8660254
0.0000000 0.7678025 0.8660254
0.0000000 0.7782159 0.8660254
0.0000000 0.7886108 0.8660254
0.0000000 0.7989877 0.8660254
0.0000000 0.8093474 0.8660254
0.0000000 0.8196905 0.8660254
0.0000000 0.8300177 0.8660254
0.0000000 0.8403295 0.8660254
0.0000000 0.8506264 0.8660254
0.0000000 0.8609091 0.8660254
0.0000000 0.8660254 0.8557099
0.0000000 0.8660254 0.8351157
0.0000000 0.8660254 0.8144611
0.0000000 0.8660254 0.7937413
0.0000000 0.8660254 0.7729513
0.0000000 0.8660254 0.7520851
0.0000000 0.8660254 0.7311361
0.0000000 0.8660254 0.7100972
0.0000000 0.8660254 0.6889599
0.0000000 0.8660254 0.6677152
0.0000000 0.8660254 0.6463521
0.0000000 0.8660254 0.6248588
0.0000000 0.8660254 0.6032213
0.0000000 0.8660254 0.5814233
0.0000000 0.8660254 0.5594463
0.0000000 0.8660254 0.5372682
0.0000000 0.8660254 0.5148630
0.0000000 0.8660254 0.4921998
0.0000000 0.8660254 0.4692411
0.0000000 0.8660254 0.4459413
0.0000000 0.8660254 0.4222439
0.0000000 0.8660254 0.3980780
0.0000000 0.8660254 0.3733526
0.0000000 0.8660254 0.3479483
0.0000000 0.8660254 0.3217046
0.0000000 0.8660254 0.2943968
0.0000000 0.8660254 0.2656972
0.0000000 0.8660254 0.2350966
0.0000000 0.8660254 0.2017317
0.0000000 0.8660254 0.1639232
0.0000000 0.8660254 0.1174557
0.0000000 0.8660254 0.0383504
0.1033466 0.8660254 0.0000000
0.1535259 0.8660254 0.0000000
0.1928983 0.8660254 0.0000000
0.2271546 0.8660254 0.0000000
0.2583380 0.8660254 0.0000000
0.2874503 0.8660254 0.0000000
0.3150662 0.8660254 0.0000000
0.3415489 0.8660254 0.0000000
0.3671436 0.8660254 0.0000000
0.3920243 0.8660254 0.0000000
0.4163191 0.8660254 0.0000000
0.4401250 0.8660254 0.0000000
0.4635173 0.8660254 0.0000000
0.4865556 0.8660254 0.0000000
0.5092882 0.8660254 0.0000000
0.5317540 0.8660254 0.0000000
0.5539857 0.8660254 0.0000000
0.5760102 0.8660254 0.0000000
0.5978505 0.8660254 0.0000000
0.6195261 0.8660254 0.0000000
0.6410537 0.8660254 0.0000000
0.6624477 0.8660254 0.0000000
0.6837206 0.8660254 0.0000000
0.7048835 0.8660254 0.0000000
0.7259460 0.8660254 0.0000000
0.7469164 0.8660254 0.0000000
0.7678025 0.8660254 0.0000000
0.7886108 0.8660254 0.0000000
0.8093474 0.8660254 0.0000000
0.8300177 0.8660254 0.0000000
0.8506264 0.8660254 0.0000000
0.8660254 0.8634478 0.0000000
0.8660254 0.8531686 0.0000000
0.8660254 0.8428752 0.0000000
0.8660254 0.8325671 0.0000000
0.8660254 0.8222438 0.0000000
0.8660254 0.8119048 0.0000000
0.8660254 0.8015492 0.0000000
0.8660254 0.7911766 0.0000000
0.8660254 0.7807862 0.0000000
0.8660254 0.7703774 0.0000000
0.8660254 0.7599494 0.0000000
0.8660254 0.7495014 0.0000000
0.8660254 0.7390325 0.0000000
0.8660254 0.7285417 0.0000000
0.8660254 0.7180283 0.0000000
0.8660254 0.7074911 0.0000000
0.8660254 0.6969291 0.0000000
0.8660254 0.6863411 0.0000000
0.8660254 0.6757260 0.0000000
0.8660254 0.6650823 0.0000000
0.8660254 0.6544088 0.0000000
0.8660254 0.6437039 0.0000000
0.8660254 0.6329661 0.0000000
0.8660254 0.6221936 0.0000000
0.8660254 0.6113845 0.0000000
0.8660254 0.6005371 0.0000000
0.8660254 0.5896491 0.0000000
0.8660254 0.5787182 0.0000000
0.8660254 0.5677418 0.0000000
0.8660254 0.5567175 0.0000000
0.8660254 0.5456423 0.0000000
0.8660254 0.5345128 0.0000000
0.8660254 0.5233259 0.0000000
0.8660254 0.5120776 0.0000000
0.8660254 0.5007638 0.0000000
0.8660254 0.4893800 0.0000000
0.8660254 0.4779212 0.0000000
0.8660254 0.4663818 0.0000000
0.8660254 0.4547558 0.0000000
0.8660254 0.4430362 0.0000000
0.8660254 0.4312155 0.0000000
0.8660254 0.4192851 0.0000000
0.8660254 0.4072355 0.0000000
0.8660254 0.3950555 0.0000000
0.8660254 0.3827329 0.0000000
0.8660254 0.3702533 0.0000000
0.8660254 0.3576004 0.0000000
0.8660254 0.3447551 0.0000000
0.8660254 0.3316950 0.0000000
0.8660254 0.3183937 0.0000000
0.8660254 0.3048196 0.0000000
0.8660254 0.2909345 0.0000000
0.8660254 0.2766915 0.0000000
0.8660254 0.2620325 0.0000000
0.8660254 0.2468832 0.0000000
0.8660254 0.2311473 0.0000000
0.8660254 0.2146958 0.0000000
0.8660254 0.1973500 0.0000000
0.8660254 0.1788495 0.0000000
0.8660254 0.1587917 0.0000000
0.8660254 0.1364914 0.0000000
0.8660254 0.1106005 0.0000000
0.8660254 0.0776047 0.0000000
0.8660254 0.0000000 0.0000000